104
45
31
29
26
29
27
25
30
20
20
22
29
24
28
31
29
43
29
34
29
36
40
52
41
54
50
68
57
62
64
72
75
68
75
70
82
79
66
63
74
46
41
31
32
24
24
25
29
30
38
31
33
30
33
34
38
44
34
36
30
24
21
20
14
12
11
9
9
9
9
9
9
9
9
9
9
9
9
9
9
9
9
9
9
9
9
9
9
9
9
9
9
9
9
9
9
9
9
9
9
9
9
9
9
9
9
9
9
9
9
9
9
9
9
9
9
9
9
9
9
9
9
9
9
9
9
9
9
9
9
9
9
9
9
9
9
9
9
9
9
9
9
9
9
9
9
9
213
237
198
184
174
172
167
185
185
180
177
174
192
194
208
198
167
173
167
144
138
136
142
160
130
124
121
131
123
137
127
130
133
126
129
136
108
102
88
85
84
76
84
83
79
78
92
74
83
66
66
67
74
67
72
70
72
74
68
72
75
82
83
81
81
88
73
75
73
83
85
100
87
76
74
76
76
74
64
64
62
66
67
71
67
65
61
56
53
50
48
48
48
48
48
48
48
48
48
48
48
50
47
46
47
47
47
47
47
47
47
47
47
47
47
47
47
47
47
47
47
47
47
47
47
47
47
47
47
47
47
47
47
47
47
47
47
47
47
47
47
47
47
47
47
47
47
47
47
47
47
47
47
47
47
47
47
47
47
47
47
47
47
47
47
47
47
47
47
47
47
47
47
47
47
47
47
47
47
47
47
47
47
47
47
47
47
47
47
47
47
47
47
47
47
47
47
47
47
47
47
47
47
47
47
47
47
47
47
47
47
47
47
47
47
47
47
47
47
47
47
47
47
47
47
47
47
47
47
47
47
47
47
47
47
47
47
268
335
277
278
230
222
214
205
225
210
223
200
194
195
176
189
191
188
180
163
156
142
151
146
143
148
155
144
148
127
134
134
146
161
158
158
167
167
182
164
161
150
158
155
167
133
152
151
158
164
150
145
141
138
145
143
138
142
129
131
113
111
100
99
101
115
108
118
114
121
107
110
114
115
113
119
103
107
119
116
118
113
128
131
137
127
120
125
127
141
123
121
116
123
98
96
89
94
88
95
84
94
96
102
109
100
93
87
79
88
80
78
71
70
63
78
66
62
68
50
52
44
38
36
32
29
27
23
23
23
23
23
23
23
23
23
23
23
23
23
23
23
23
23
23
23
23
23
23
23
23
23
23
23
23
23
23
23
23
23
23
23
23
23
23
23
23
23
23
23
23
23
23
23
23
23
23
23
23
23
23
23
23
23
23
23
23
23
23
23
23
23
23
23
23
23
23
23
23
23
23
23
23
23
23
23
23
23
23
23
23
23
23
23
23
23
23
23
23
23
23
23
23
23
23
23
23
23
23
23
23
23
23
23
23
23
23
23
23
23
23
23
23
23
23
23
23
23
23
23
23
23
23
23
400
382
354
336
302
264
264
277
273
223
221
234
222
257
220
246
225
228
233
199
213
199
216
183
189
188
203
199
178
178
180
156
158
157
159
184
163
168
171
178
195
189
211
188
215
209
203
205
209
190
214
202
214
218
214
202
219
224
210
209
199
193
163
170
156
157
155
166
170
164
154
142
119
130
100
106
104
107
101
110
106
111
113
123
130
113
123
127
119
125
113
108
116
114
102
96
101
107
84
82
84
79
71
69
52
41
39
37
45
36
39
33
39
31
38
39
52
40
47
43
44
44
40
39
42
49
48
52
63
51
62
53
56
49
38
41
42
49
44
44
42
39
39
40
47
39
39
36
33
37
34
39
35
30
30
31
31
31
31
31
31
31
31
31
31
31
31
31
31
31
31
31
31
31
31
31
31
31
31
31
31
31
31
31
31
31
31
31
31
31
31
31
31
31
31
31
31
31
31
31
31
31
31
31
31
31
31
31
31
31
31
31
31
31
31
31
31
31
31
31
31
31
31
31
31
31
31
31
31
31
31
31
31
31
31
31
31
31
31
31
31
31
31
31
31
31
31
31
31
31
31
510
265
228
226
201
188
175
170
204
153
180
140
142
128
154
128
126
141
139
129
123
130
136
119
130
115
114
127
127
122
132
147
149
155
142
152
144
150
137
149
141
142
141
125
147
115
130
123
109
115
123
130
108
125
127
119
113
118
124
120
104
122
81
84
91
94
88
77
79
84
95
105
107
84
80
76
80
77
78
80
71
80
86
76
79
88
90
110
94
99
91
125
95
115
105
116
115
112
122
123
133
132
142
125
121
135
119
158
120
135
114
104
88
94
77
81
85
73
92
66
80
74
69
76
75
70
75
78
80
83
94
86
97
82
62
58
56
46
38
39
45
43
50
51
60
63
69
75
81
71
94
70
76
71
79
71
76
83
90
81
97
71
77
73
59
62
56
59
51
51
48
48
53
51
53
54
61
55
62
52
51
47
46
45
45
44
43
41
41
41
41
41
41
41
41
41
41
41
41
41
41
41
41
41
41
41
41
41
41
41
41
41
41
41
41
41
41
41
41
41
41
41
41
41
41
41
41
41
41
41
41
41
41
41
41
41
41
41
41
41
41
41
41
41
41
41
41
41
41
41
41
41
41
41
41
41
41
41
41
41
41
41
41
41
41
41
41
41
41
41
41
41
41
41
41
41
41
41
41
41
41
41
41
41
41
41
41
41
41
41
41
41
41
41
41
41
41
585
150
124
120
117
124
108
127
115
134
116
117
111
90
99
101
92
100
109
127
114
117
109
110
123
126
118
126
128
140
122
112
100
109
96
98
85
94
90
94
87
90
92
95
93
104
94
106
106
128
114
129
127
139
126
132
149
138
122
124
132
133
130
127
146
143
139
143
131
119
112
116
123
124
128
120
121
106
103
93
81
85
86
88
82
89
92
90
97
111
83
90
89
103
96
105
103
116
118
115
115
110
113
113
101
110
95
95
90
93
101
100
89
102
85
85
84
72
69
73
73
77
73
77
88
82
87
85
80
77
78
87
76
65
56
56
45
36
33
30
30
31
33
34
39
37
42
46
50
49
55
52
62
51
49
46
49
55
54
52
61
65
61
64
67
72
65
67
76
66
80
68
59
70
62
66
73
68
65
77
66
67
63
62
66
53
50
45
48
51
58
53
64
56
63
63
63
66
67
73
83
71
62
68
68
72
56
56
47
54
53
66
67
81
74
80
76
76
73
57
52
55
56
60
64
62
60
43
27
22
19
21
21
21
21
21
21
21
21
21
21
21
21
21
21
21
21
21
21
21
21
21
21
21
21
21
21
21
21
21
21
21
21
21
21
21
21
21
21
21
21
21
21
21
21
21
21
21
21
21
21
21
21
21
21
21
21
21
21
21
21
21
21
21
21
21
21
21
21
21
21
21
21
21
21
21
21
21
706
50
30
22
17
15
11
11
11
11
11
11
11
11
11
11
11
11
11
11
11
11
11
11
11
11
11
11
11
11
11
11
11
11
11
11
11
11
11
11
11
11
11
11
11
11
11
11
11
11
11
11
11
11
11
11
11
11
11
11
11
11
11
11
11
11
11
11
11
11
11
11
11
11
11
11
11
11
11
11
11
11
11
11
11
11
11
11
11
11
11
11
11
11
11
11
11
11
11
11
11
11
11
11
11
11
11
11
11
11
11
11
11
11
11
11
11
11
11
11
11
11
11
11
11
11
11
11
11
11
11
11
11
11
11
11
11
11
11
11
11
11
11
11
11
11
11
11
11
11
11
11
11
11
11
11
11
11
11
11
11
11
11
11
11
11
11
11
11
11
11
11
11
11
11
11
11
11
11
11
11
11
11
11
11
11
11
11
11
11
11
11
11
11
11
11
11
11
11
11
11
11
11
11
11
11
11
11
11
11
11
11
11
11
11
11
11
11
11
11
11
11
11
11
11
11
11
11
11
11
11
11
11
11
11
11
11
11
11
11
11
11
11
11
11
11
11
11
11
11
11
11
11
11
11
11
11
11
11
11
11
11
11
11
11
11
11
11
11
11
11
11
11
11
11
11
11
11
11
11
11
11
11
11
11
11
11
11
11
11
11
11
11
11
11
11
11
11
11
11
11
11
11
11
11
11
13
10
8
6
6
7
9
8
9
12
11
18
11
11
10
13
16
19
19
23
25
35
25
32
27
37
30
46
39
45
30
31
29
27
32
32
39
34
29
34
31
34
36
33
31
29
34
31
42
37
36
45
48
64
45
60
50
67
58
66
68
72
72
79
75
80
67
69
73
65
56
61
52
53
60
65
70
71
73
65
69
77
75
67
77
77
73
84
74
87
95
90
97
98
92
103
93
97
100
97
115
112
124
129
127
123
111
110
105
120
110
119
120
121
124
131
131
127
120
129
114
114
114
107
100
99
99
93
94
101
112
111
114
103
96
103
109
116
110
108
131
112
118
113
117
111
111
109
117
116
114
133
130
154
142
158
167
162
137
140
134
134
132
133
116
110
113
116
110
106
106
96
89
98
90
86
94
102
104
121
119
126
106
135
112
138
126
142
124
136
138
141
137
169
154
132
135
132
118
101
100
101
102
100
104
103
108
97
93
91
82
93
78
78
77
90
85
76
74
70
81
84
94
96
86
89
85
96
72
84
70
80
81
69
72
83
78
94
92
88
81
86
94
96
102
105
107
95
107
110
102
115
113
120
121
121
131
120
115
130
118
122
109
108
105
109
92
90
90
90
105
111
126
130
129
109
114
118
114
121
112
115
119
108
104
112
110
115
113
126
108
123
125
108
113
109
125
107
115
99
95
92
101
96
106
114
103
107
92
107
101
105
94
99
108
103
100
99
94
91
93
96
96
99
110
93
102
106
105
114
111
109
113
105
92
108
104
96
104
97
85
88
89
92
94
94
88
81
80
79
91
83
92
77
73
69
70
66
71
69
64
65
69
74
72
76
60
50
60
46
40
43
43
45
34
34
30
24
21
18
16
16
16
16
16
16
16
16
16
16
16
16
16
16
16
16
16
16
16
16
16
16
16
16
16
16
16
16
16
16
16
16
16
16
16
16
16
16
16
16
16
16
16
16
16
16
16
16
16
16
16
16
16
16
16
16
16
16
16
16
16
16
16
16
16
16
16
16
16
16
16
16
16
16
16
16
16
16
16
16
16
16
16
16
16
16
16
16
16
16
16
16
16
16
16
16
16
16
16
16
16
16
16
16
16
16
16
16
16
16
16
793
11
2
0
0
0
0
0
0
0
0
0
0
0
0
0
0
0
0
0
0
0
0
0
0
0
0
0
0
908
0
0
0
0
0
0
0
0
0
0
0
0
0
0
0
0
0
0
0
0
0
0
0
0
0
0
0
0
0
0
0
0
0
0
0
0
0
0
0
0
