268
335
277
278
230
222
214
205
225
210
223
200
194
195
176
189
191
188
180
163
156
142
151
146
143
148
155
144
148
127
134
134
146
161
158
158
167
167
182
164
161
150
158
155
167
133
152
151
158
164
150
145
141
138
145
143
138
142
129
131
113
111
100
99
101
115
108
118
114
121
107
110
114
115
113
119
103
107
119
116
118
113
128
131
137
127
120
125
127
141
123
121
116
123
98
96
89
94
88
95
84
94
96
102
109
100
93
87
79
88
80
78
71
70
63
78
66
62
68
50
52
44
38
36
32
29
27
23
23
23
23
23
23
23
23
23
23
23
23
23
23
23
23
23
23
23
23
23
23
23
23
23
23
23
23
23
23
23
23
23
23
23
23
23
23
23
23
23
23
23
23
23
23
23
23
23
23
23
23
23
23
23
23
23
23
23
23
23
23
23
23
23
23
23
23
23
23
23
23
23
23
23
23
23
23
23
23
23
23
23
23
23
23
23
23
23
23
23
23
23
23
23
23
23
23
23
23
23
23
23
23
23
23
23
23
23
23
23
23
23
23
23
23
23
23
23
23
23
23
23
23
23
23
23
