213
237
198
184
174
172
167
185
185
180
177
174
192
194
208
198
167
173
167
144
138
136
142
160
130
124
121
131
123
137
127
130
133
126
129
136
108
102
88
85
84
76
84
83
79
78
92
74
83
66
66
67
74
67
72
70
72
74
68
72
75
82
83
81
81
88
73
75
73
83
85
100
87
76
74
76
76
74
64
64
62
66
67
71
67
65
61
56
53
50
48
48
48
48
48
48
48
48
48
48
48
50
47
46
47
47
47
47
47
47
47
47
47
47
47
47
47
47
47
47
47
47
47
47
47
47
47
47
47
47
47
47
47
47
47
47
47
47
47
47
47
47
47
47
47
47
47
47
47
47
47
47
47
47
47
47
47
47
47
47
47
47
47
47
47
47
47
47
47
47
47
47
47
47
47
47
47
47
47
47
47
47
47
47
47
47
47
47
47
47
47
47
47
47
47
47
47
47
47
47
47
47
47
47
47
47
47
47
47
47
47
47
47
47
47
47
47
47
47
47
47
47
47
47
47
47
47
47
47
47
47
47
47
47
47
47
47
