510
265
228
226
201
188
175
170
204
153
180
140
142
128
154
128
126
141
139
129
123
130
136
119
130
115
114
127
127
122
132
147
149
155
142
152
144
150
137
149
141
142
141
125
147
115
130
123
109
115
123
130
108
125
127
119
113
118
124
120
104
122
81
84
91
94
88
77
79
84
95
105
107
84
80
76
80
77
78
80
71
80
86
76
79
88
90
110
94
99
91
125
95
115
105
116
115
112
122
123
133
132
142
125
121
135
119
158
120
135
114
104
88
94
77
81
85
73
92
66
80
74
69
76
75
70
75
78
80
83
94
86
97
82
62
58
56
46
38
39
45
43
50
51
60
63
69
75
81
71
94
70
76
71
79
71
76
83
90
81
97
71
77
73
59
62
56
59
51
51
48
48
53
51
53
54
61
55
62
52
51
47
46
45
45
44
43
41
41
41
41
41
41
41
41
41
41
41
41
41
41
41
41
41
41
41
41
41
41
41
41
41
41
41
41
41
41
41
41
41
41
41
41
41
41
41
41
41
41
41
41
41
41
41
41
41
41
41
41
41
41
41
41
41
41
41
41
41
41
41
41
41
41
41
41
41
41
41
41
41
41
41
41
41
41
41
41
41
41
41
41
41
41
41
41
41
41
41
41
41
41
41
41
41
41
41
41
41
41
41
41
41
41
41
41
41
41
