585
150
124
120
117
124
108
127
115
134
116
117
111
90
99
101
92
100
109
127
114
117
109
110
123
126
118
126
128
140
122
112
100
109
96
98
85
94
90
94
87
90
92
95
93
104
94
106
106
128
114
129
127
139
126
132
149
138
122
124
132
133
130
127
146
143
139
143
131
119
112
116
123
124
128
120
121
106
103
93
81
85
86
88
82
89
92
90
97
111
83
90
89
103
96
105
103
116
118
115
115
110
113
113
101
110
95
95
90
93
101
100
89
102
85
85
84
72
69
73
73
77
73
77
88
82
87
85
80
77
78
87
76
65
56
56
45
36
33
30
30
31
33
34
39
37
42
46
50
49
55
52
62
51
49
46
49
55
54
52
61
65
61
64
67
72
65
67
76
66
80
68
59
70
62
66
73
68
65
77
66
67
63
62
66
53
50
45
48
51
58
53
64
56
63
63
63
66
67
73
83
71
62
68
68
72
56
56
47
54
53
66
67
81
74
80
76
76
73
57
52
55
56
60
64
62
60
43
27
22
19
21
21
21
21
21
21
21
21
21
21
21
21
21
21
21
21
21
21
21
21
21
21
21
21
21
21
21
21
21
21
21
21
21
21
21
21
21
21
21
21
21
21
21
21
21
21
21
21
21
21
21
21
21
21
21
21
21
21
21
21
21
21
21
21
21
21
21
21
21
21
21
21
21
21
21
21
21
