400
382
354
336
302
264
264
277
273
223
221
234
222
257
220
246
225
228
233
199
213
199
216
183
189
188
203
199
178
178
180
156
158
157
159
184
163
168
171
178
195
189
211
188
215
209
203
205
209
190
214
202
214
218
214
202
219
224
210
209
199
193
163
170
156
157
155
166
170
164
154
142
119
130
100
106
104
107
101
110
106
111
113
123
130
113
123
127
119
125
113
108
116
114
102
96
101
107
84
82
84
79
71
69
52
41
39
37
45
36
39
33
39
31
38
39
52
40
47
43
44
44
40
39
42
49
48
52
63
51
62
53
56
49
38
41
42
49
44
44
42
39
39
40
47
39
39
36
33
37
34
39
35
30
30
31
31
31
31
31
31
31
31
31
31
31
31
31
31
31
31
31
31
31
31
31
31
31
31
31
31
31
31
31
31
31
31
31
31
31
31
31
31
31
31
31
31
31
31
31
31
31
31
31
31
31
31
31
31
31
31
31
31
31
31
31
31
31
31
31
31
31
31
31
31
31
31
31
31
31
31
31
31
31
31
31
31
31
31
31
31
31
31
31
31
31
31
31
31
31
31
