706
50
30
22
17
15
11
11
11
11
11
11
11
11
11
11
11
11
11
11
11
11
11
11
11
11
11
11
11
11
11
11
11
11
11
11
11
11
11
11
11
11
11
11
11
11
11
11
11
11
11
11
11
11
11
11
11
11
11
11
11
11
11
11
11
11
11
11
11
11
11
11
11
11
11
11
11
11
11
11
11
11
11
11
11
11
11
11
11
11
11
11
11
11
11
11
11
11
11
11
11
11
11
11
11
11
11
11
11
11
11
11
11
11
11
11
11
11
11
11
11
11
11
11
11
11
11
11
11
11
11
11
11
11
11
11
11
11
11
11
11
11
11
11
11
11
11
11
11
11
11
11
11
11
11
11
11
11
11
11
11
11
11
11
11
11
11
11
11
11
11
11
11
11
11
11
11
11
11
11
11
11
11
11
11
11
11
11
11
11
11
11
11
11
11
11
11
11
11
11
11
11
11
11
11
11
11
11
11
11
11
11
11
11
11
11
11
11
11
11
11
11
11
11
11
11
11
11
11
11
11
11
11
11
11
11
11
11
11
11
11
11
11
11
11
11
11
11
11
11
11
11
11
11
11
11
11
11
11
11
11
11
11
11
11
11
11
11
11
11
11
11
11
11
11
11
11
11
11
11
11
11
11
11
11
11
11
11
11
11
11
11
11
11
11
11
11
11
11
11
11
11
11
11
11
11
13
10
8
6
6
7
9
8
9
12
11
18
11
11
10
13
16
19
19
23
25
35
25
32
27
37
30
46
39
45
30
31
29
27
32
32
39
34
29
34
31
34
36
33
31
29
34
31
42
37
36
45
48
64
45
60
50
67
58
66
68
72
72
79
75
80
67
69
73
65
56
61
52
53
60
65
70
71
73
65
69
77
75
67
77
77
73
84
74
87
95
90
97
98
92
103
93
97
100
97
115
112
124
129
127
123
111
110
105
120
110
119
120
121
124
131
131
127
120
129
114
114
114
107
100
99
99
93
94
101
112
111
114
103
96
103
109
116
110
108
131
112
118
113
117
111
111
109
117
116
114
133
130
154
142
158
167
162
137
140
134
134
132
133
116
110
113
116
110
106
106
96
89
98
90
86
94
102
104
121
119
126
106
135
112
138
126
142
124
136
138
141
137
169
154
132
135
132
118
101
100
101
102
100
104
103
108
97
93
91
82
93
78
78
77
90
85
76
74
70
81
84
94
96
86
89
85
96
72
84
70
80
81
69
72
83
78
94
92
88
81
86
94
96
102
105
107
95
107
110
102
115
113
120
121
121
131
120
115
130
118
122
109
108
105
109
92
90
90
90
105
111
126
130
129
109
114
118
114
121
112
115
119
108
104
112
110
115
113
126
108
123
125
108
113
109
125
107
115
99
95
92
101
96
106
114
103
107
92
107
101
105
94
99
108
103
100
99
94
91
93
96
96
99
110
93
102
106
105
114
111
109
113
105
92
108
104
96
104
97
85
88
89
92
94
94
88
81
80
79
91
83
92
77
73
69
70
66
71
69
64
65
69
74
72
76
60
50
60
46
40
43
43
45
34
34
30
24
21
18
16
16
16
16
16
16
16
16
16
16
16
16
16
16
16
16
16
16
16
16
16
16
16
16
16
16
16
16
16
16
16
16
16
16
16
16
16
16
16
16
16
16
16
16
16
16
16
16
16
16
16
16
16
16
16
16
16
16
16
16
16
16
16
16
16
16
16
16
16
16
16
16
16
16
16
16
16
16
16
16
16
16
16
16
16
16
16
16
16
16
16
16
16
16
16
16
16
16
16
16
16
16
16
16
16
16
16
16
16
16
16
